[js.jpg]
filters=MuseumMatte=1,18.713451,17.543859,001a0e03,fff9ffd8;finetune2=1,0.333333,0.000000,0.238596,00000000,0.000000;enhance=1;
moddate=52b899f07ef3d201
width=1052
height=1052
textactive=0
